prefixSpanTime: 166.255144119
maxSeqTime: 0.011344909668
coarsePatternsTime: 0.0535280704498
fineGrainedPatternsTime: 53.1698789597
